3 0.003 39.6936 3.47799 2.96111 0 41.3668
3 0.006 26.9847 2.59723 0.740328 0 27.7626
3 0.009 20.7667 2.01472 0.197852 0 21.6864
3 0.012 20.5633 2.13739 0.518419 0 21.3302
3 0.015 17.4999 1.67476 0.077641 0 18.1371
3 0.018 13.3093 1.55476 0.0705116 0 13.6733
3 0.021 12.8818 1.28926 0.677582 0 13.1812
3 0.024 8.42079 0.843842 0.0403608 0 8.85882
3 0.027 8.65179 0.952071 0.297344 0 9.03964
3 0.03 7.11185 0.663833 0.251926 0 7.34621
3 0.033 6.34019 0.478553 0.14305 0 6.52495
3 0.036 5.38066 0.516292 0.293888 0 5.68213
3 0.039 5.84972 0.684576 0.190915 0 6.11011
3 0.042 3.9562 0.41663 0.263036 0 4.11763
3 0.045 4.0884 0.375191 0.0865709 0 4.21108
3 0.048 3.299 0.357229 0.232406 0 3.47645
3 0.051 3.00056 0.234432 0.217284 0 3.15771
3 0.054 2.41408 0.268641 0.517127 0 2.55463
3 0.057 2.30919 0.167658 0.483684 0 2.38873


3.2 0.003 50.5538 3.76044 3.48715 0 52.227
3.2 0.006 36.6106 2.45683 4.6167 0 37.3885
3.2 0.009 29.5313 1.86716 0.141733 0 30.451
3.2 0.012 23.1562 1.58399 0.42266 0 23.9231
3.2 0.015 17.56 1.14134 0.822192 0 18.1972
3.2 0.018 15.714 0.856297 1.42563 0 16.078
3.2 0.021 14.8417 1.04861 0.526579 0 15.1411
3.2 0.024 12.6287 1.02804 0.626563 0 13.0667
3.2 0.027 10.3106 0.762546 1.31213 0 10.6985
3.2 0.03 9.74955 0.807138 0.638237 0 9.98391
3.2 0.033 8.73696 0.571104 1.07065 0 8.92172
3.2 0.036 7.87109 0.607356 0.299586 0 8.17256
3.2 0.039 7.55867 0.554116 0.14941 0 7.81906
3.2 0.042 6.41257 0.379081 0.193592 0 6.574
3.2 0.045 5.253 0.384992 0.0941316 0 5.37568
3.2 0.048 4.63914 0.336089 0.127258 0 4.81659
3.2 0.051 4.2735 0.306388 0.295822 0 4.43065
3.2 0.054 3.775 0.236653 0.220056 0 3.91555
3.2 0.057 3.25205 0.183355 0.281402 0 3.33159


3.4 0.003 54.6488 3.67166 1.31521 0 56.322
3.4 0.006 45.1101 2.37959 2.05999 0 45.888
3.4 0.009 33.6866 1.90515 1.59619 0 34.6063
3.4 0.012 29.4042 1.83353 1.34494 0 30.1711
3.4 0.015 22.2285 1.22494 0.165127 0 22.8657
3.4 0.018 21.4314 1.21646 1.31261 0 21.7954
3.4 0.021 18.3216 1.12336 0.561181 0 18.621
3.4 0.024 16.861 1.0669 0.458334 0 17.299
3.4 0.027 13.1393 0.752371 0.199968 0 13.5272
3.4 0.03 12.1581 0.747101 1.47473 0 12.3925
3.4 0.033 10.8306 0.739907 0.217761 0 11.0154
3.4 0.036 9.94063 0.65352 0.439429 0 10.2421
3.4 0.039 8.85191 0.541132 0.149585 0 9.1123
3.4 0.042 7.06202 0.441117 0.406511 0 7.22345
3.4 0.045 7.21777 0.520931 0.0199403 0 7.34045
3.4 0.048 6.5484 0.394166 0.0315864 0 6.72585
3.4 0.051 5.54113 0.357655 0.00463702 0 5.69828
3.4 0.054 5.33921 0.318303 0.279183 0 5.47976
3.4 0.057 4.79408 0.294146 0.180972 0 4.87362


3.6 0.003 64.6285 3.93553 0.572105 0 66.3017
3.6 0.006 46.3763 2.77871 0.391996 0 47.1542
3.6 0.009 44.561 2.92414 0.369775 0 45.4807
3.6 0.012 33.4982 2.30848 1.55865 0 34.2651
3.6 0.015 27.2763 1.57973 0.76344 0 27.9135
3.6 0.018 24.5006 1.58857 0.619505 0 24.8646
3.6 0.021 19.7668 1.17869 0.187915 0 20.0662
3.6 0.024 20.2644 1.47368 0.144347 0 20.7024
3.6 0.027 16.3306 0.943949 0.911005 0 16.7185
3.6 0.03 14.6182 0.837248 1.03125 0 14.8526
3.6 0.033 11.5936 0.729936 0.218077 0 11.7784
3.6 0.036 11.0542 0.663244 0.0259277 0 11.3557
3.6 0.039 9.13545 0.561005 0.137402 0 9.39584
3.6 0.042 8.65139 0.547743 0.221311 0 8.81282
3.6 0.045 7.84233 0.545822 0.572906 0 7.96501
3.6 0.048 7.07895 0.429794 0.330696 0 7.2564
3.6 0.051 7.29084 0.450913 0.471224 0 7.44799
3.6 0.054 5.97605 0.38174 0.574253 0 6.1166
3.6 0.057 5.35158 0.386213 0.466262 0 5.43112


3.8 0.003 94.9659 4.78048 3.15856 2.20798 97.1739
3.8 0.006 64.7637 5.17604 1.52262 0.618829 65.3825
3.8 0.009 51.1572 3.0288 0.770617 1.01263 52.1698
3.8 0.012 41.4319 3.02359 1.43161 0.710195 42.1421
3.8 0.015 35.5927 2.77421 0.320939 0.757387 36.3501
3.8 0.018 31.0847 2.22233 0.209592 0.44708 31.5318
3.8 0.021 26.1317 1.57351 0.170671 0.3575 26.4892
3.8 0.024 20.8432 1.57842 0.266877 0.55192 21.3951
3.8 0.027 18.3734 1.34587 0.00462213 0.558363 18.9318
3.8 0.03 15.6996 1.15623 0.621457 0.335736 16.0353
3.8 0.033 14.5548 0.924196 0.209155 0.192244 14.747
3.8 0.036 11.8421 0.884394 0.360085 0.433281 12.2754
3.8 0.039 10.5212 0.661361 0.370649 0.301957 10.8232
3.8 0.042 10.3815 0.811933 0.326826 0.18257 10.5641
3.8 0.045 9.4877 0.582263 0.466667 0.15454 9.64224
3.8 0.048 8.20416 0.531247 0.412172 0.211622 8.41578
3.8 0.051 6.52915 0.466894 0.355527 0.193798 6.72295
3.8 0.054 6.01328 0.467307 0.530194 0.195322 6.2086
3.8 0.057 5.25984 0.430496 0.592233 0.0734851 5.33333


4 0.003 111.399 10.3519 3.8603 0.8259 112.225
4 0.006 68.0376 5.04346 2.3163 0.517393 68.555
4 0.009 52.8667 5.3455 1.82327 0.570465 53.4372
4 0.012 48.6669 4.45016 4.65906 0.535946 49.2028
4 0.015 41.833 3.42083 1.51375 0.394923 42.2279
4 0.018 29.9528 2.45372 0.581078 0.222861 30.1757
4 0.021 33.2897 2.75049 0.120818 0.18742 33.4771
4 0.024 28.6796 2.3593 0.771985 0.3025 28.9821
4 0.027 24.4995 2.33264 0.69748 0.242358 24.7419
4 0.03 21.8006 1.87943 0.592556 0.124732 21.9253
4 0.033 16.7224 1.48355 1.90312 0.118568 16.841
4 0.036 14.9103 1.3448 0.560797 0.159498 15.0698
4 0.039 14.4875 1.30919 0.113916 0.175863 14.6634
4 0.042 12.0117 1.05231 1.13926 0.0995424 12.1112
4 0.045 10.2184 0.786477 1.02756 0.0734334 10.2918
4 0.048 9.49697 0.662276 0.727909 0.126871 9.62384
4 0.051 8.66586 0.707745 0.91366 0.113339 8.7792
4 0.054 6.85466 0.612431 1.1111 0.0813378 6.936
4 0.057 7.21086 0.630264 1.21433 0.0649048 7.27576


4.2 0.003 112.535 20.2444 3.0241 1.98573 114.521
4.2 0.006 96.4383 8.39488 11.2881 1.19746 97.6358
4.2 0.009 80.4612 7.55641 0.560461 1.17602 81.6372
4.2 0.012 45.9185 4.27574 0.427649 1.05457 46.9731
4.2 0.015 43.2432 6.7416 0.597927 0.759341 44.0025
4.2 0.018 40.3104 3.4052 1.07437 0.421928 40.7323
4.2 0.021 34.65 3.52365 0.21666 0.353345 35.0033
4.2 0.024 26.8387 3.50562 0.139405 0.459671 27.2984
4.2 0.027 29.9342 3.90649 1.88457 0.362843 30.297
4.2 0.03 22.545 2.20596 1.55529 0.242615 22.7876
4.2 0.033 20.9133 2.19605 1.34463 0.243462 21.1568
4.2 0.036 15.9715 2.35841 0.167869 0.311622 16.2831
4.2 0.039 15.0499 2.78053 0.550652 0.303354 15.3533
4.2 0.042 14.0982 2.00849 0.926213 0.202175 14.3004
4.2 0.045 11.7465 1.52352 1.77379 0.140056 11.8866
4.2 0.048 9.48362 1.33956 1.18794 0.193858 9.67748
4.2 0.051 8.204 1.17976 0.772654 0.164307 8.36831
4.2 0.054 8.31223 0.855154 1.44071 0.144993 8.45722
4.2 0.057 7.77377 0.888949 1.9529 0.100243 7.87401


